recording_id,speaker_id,target,mic,duration_s,silero_n,hybrid_n,speech_ratio,speech_duration_s,rms_mean,zcr_proxy,soft_full,full_confidence,asr_status,asr_text,human_verdict,human_class,human_verdict_source,human_audio_quality,human_boundary,human_review_confidence,human_final_consonant,diagnostic_199,fidelity_state_v1,assessability_v1,fidelity_reasons_v1,fidelity_state_v2,assessability_v2,fidelity_reasons_v2
child_01_studio_mic_eight,child_01,eight,studio_mic,1.1354195011337869,1.0,1.0,0.2642298799955962,0.30000000000000004,0.2351320040924055,0.04987613542526837,50.0,0.006,ASR_EMPTY,,CLEAR_CORRECT,HUMAN_CORRECT,1.9.11_window,NOISY,BOUNDARY_OK,HIGH,FINAL_CONSONANT_CLEARLY_PRESENT,AGREEMENT_OK,POSSIBLE_ATTEMPT,LOW,ASR_EMPTY,VALID_ATTEMPT,MEDIUM,PHONE_EVIDENCE_PRESENT;ASR_EMPTY_SUPPORTING_ONLY
child_01_studio_mic_five,child_01,five,studio_mic,0.9191609977324263,1.0,1.0,0.4351965184278526,0.4,0.1873284119568514,0.09160149608976538,33.5,0.008,ASR_WRONG,Right,AMBIGUOUS,HUMAN_UNCERTAIN,1.9.11_window,CLEAR,BOUNDARY_OK,HIGH,FINAL_CONSONANT_PROBABLY_ABSENT,PHONE_MODEL_ERROR,FREE_SPEAK,NONE,ASR_WRONG,VALID_ATTEMPT,MEDIUM,PHONE_EVIDENCE_PRESENT;ASR_WRONG_SUPPORTING_ONLY
child_01_studio_mic_four,child_01,four,studio_mic,0.8921088435374149,1.0,1.0,0.5604988439711343,0.49999999999999994,0.19767599450103168,0.03489349775784753,72.5,0.049,,,CLEAR_INCORRECT,HUMAN_INCORRECT,1.9.11_window,,,,FINAL_CONSONANT_CLEARLY_ABSENT,,POSSIBLE_ATTEMPT,LOW,NO_ASR_SIGNAL,VALID_ATTEMPT,MEDIUM,PHONE_EVIDENCE_PRESENT
child_01_studio_mic_nine,child_01,nine,studio_mic,0.8650793650793651,1.0,1.0,0.577992919586735,0.49999999999999994,0.17353675478980654,0.051445086705202314,100.0,0.05,ASR_EMPTY,,CLEAR_CORRECT,HUMAN_CORRECT,1.9.11_window,CLEAR,BOUNDARY_OK,HIGH,FINAL_CONSONANT_PROBABLY_PRESENT,AGREEMENT_OK,VALID_ATTEMPT,MEDIUM,ASR_EMPTY;PHONE_EVIDENCE_PRESENT,VALID_ATTEMPT,MEDIUM,PHONE_EVIDENCE_PRESENT;ASR_EMPTY_SUPPORTING_ONLY
child_01_studio_mic_one,child_01,one,studio_mic,1.027278911564626,1.0,1.0,0.5840837186663421,0.6,0.14040057688951493,0.047094615150593246,72.6,0.031,,,CLEAR_CORRECT,HUMAN_CORRECT,1.9.11_window,,,,,,POSSIBLE_ATTEMPT,LOW,NO_ASR_SIGNAL,VALID_ATTEMPT,MEDIUM,PHONE_EVIDENCE_PRESENT
child_01_studio_mic_seven,child_01,seven,studio_mic,1.027278911564626,1.0,1.0,0.5840837186663421,0.6,0.2345873658359051,0.08652266504411317,20.0,0.0,ASR_EMPTY,,CLEAR_CORRECT,HUMAN_CORRECT,1.9.11_window,CLEAR,BOUNDARY_OK,HIGH,FINAL_CONSONANT_PROBABLY_PRESENT,PHONE_MODEL_ERROR,UNINTELLIGIBLE,NONE,ASR_EMPTY;NO_TARGET_EVIDENCE,POSSIBLE_ATTEMPT,LOW,WEAK_TARGET_EVIDENCE;ASR_EMPTY_SUPPORTING_ONLY
child_01_studio_mic_ten,child_01,ten,studio_mic,1.0273015873015874,0.0,0.0,0.0,0.0,0.1400958437472582,0.09266808640097353,100.0,0.03,,,CLEAR_CORRECT,HUMAN_CORRECT,1.9.11_window,,,,FINAL_CONSONANT_CLEARLY_PRESENT,,POSSIBLE_ATTEMPT,LOW,VAD_NO_SEGMENT;VAD_LOW_SPEECH_RATIO;ENERGY_PRESENT_DESPITE_VAD,POSSIBLE_ATTEMPT,LOW,VAD_NO_SEGMENT;VAD_LOW_SPEECH_RATIO;ENERGY_PRESENT_DESPITE_VAD
child_01_studio_mic_three,child_01,three,studio_mic,1.324671201814059,0.0,0.0,0.0,0.0,0.24161465351398176,0.05695276742320578,72.5,0.024,,,,,,,,,,,POSSIBLE_ATTEMPT,LOW,VAD_NO_SEGMENT;VAD_LOW_SPEECH_RATIO;ENERGY_PRESENT_DESPITE_VAD,POSSIBLE_ATTEMPT,LOW,VAD_NO_SEGMENT;VAD_LOW_SPEECH_RATIO;ENERGY_PRESENT_DESPITE_VAD
child_01_studio_mic_two,child_01,two,studio_mic,1.0002721088435373,1.0,1.0,0.5998500374906274,0.6000000000000001,0.15831175788628812,0.05598950196838093,50.0,0.005,ASR_CORRECT,Two,CLEAR_CORRECT,HUMAN_CORRECT,1.9.9,QUIET,BOUNDARY_OK,HIGH,,AGREEMENT_OK,VALID_ATTEMPT,MEDIUM,ASR_TARGET_MATCH_LOW_CONF,VALID_ATTEMPT,MEDIUM,ASR_TARGET_MATCH_LOW_CONF
child_02_studio_mic_eight,child_02,eight,studio_mic,1.0702947845804989,1.0,1.0,0.9065638869423032,0.97025,0.12802285230940297,0.05618174385329674,50.0,0.006,ASR_WRONG,And the,CLEAR_CORRECT,HUMAN_CORRECT,1.9.9,CLEAR,BOUNDARY_OK,HIGH,FINAL_CONSONANT_CLEARLY_PRESENT,AGREEMENT_OK,FREE_SPEAK,NONE,ASR_WRONG,VALID_ATTEMPT,MEDIUM,PHONE_EVIDENCE_PRESENT;ASR_WRONG_SUPPORTING_ONLY
child_02_studio_mic_five,child_02,five,studio_mic,1.0034013605442176,1.0,1.0,0.5979818113865705,0.6000000000000001,0.1545554797108076,0.052015199651155544,100.0,0.049,,,,,,,,,FINAL_CONSONANT_PROBABLY_PRESENT,,POSSIBLE_ATTEMPT,LOW,NO_ASR_SIGNAL,VALID_ATTEMPT,MEDIUM,PHONE_EVIDENCE_PRESENT
child_02_studio_mic_four,child_02,four,studio_mic,1.337891156462585,1.0,1.0,0.4484723909184341,0.6,0.1031507526503037,0.050829245503387056,73.5,0.019,,,,,,,,,FINAL_CONSONANT_CLEARLY_ABSENT,,POSSIBLE_ATTEMPT,LOW,NO_ASR_SIGNAL,VALID_ATTEMPT,MEDIUM,PHONE_EVIDENCE_PRESENT
child_02_studio_mic_one,child_02,one,studio_mic,1.2486848072562358,1.0,1.0,0.5606166783461807,0.7,0.11200270841478324,0.05906792811733493,39.2,0.004,ASR_EMPTY,,AMBIGUOUS,HUMAN_UNCERTAIN,1.9.9,CLEAR,END_CUT,HIGH,FINAL_CONSONANT_CLEARLY_PRESENT,HUMAN_UNCERTAIN,UNINTELLIGIBLE,NONE,ASR_EMPTY;NO_TARGET_EVIDENCE,POSSIBLE_ATTEMPT,LOW,WEAK_TARGET_EVIDENCE;ASR_EMPTY_SUPPORTING_ONLY
child_02_studio_mic_seven,child_02,seven,studio_mic,0.7246938775510204,1.0,1.0,0.6899525657611039,0.49999999999999994,0.19267325805766242,0.08564774883560462,100.0,0.053,,,,,,,,,FINAL_CONSONANT_CLEARLY_PRESENT,,VALID_ATTEMPT,MEDIUM,NO_ASR_SIGNAL,VALID_ATTEMPT,MEDIUM,PHONE_EVIDENCE_PRESENT
child_02_studio_mic_six,child_02,six,studio_mic,1.1594784580498867,1.0,1.0,0.5174923184733978,0.6000000000000001,0.0968251180530122,0.08528301886792453,75.0,0.039,,,,,,,,,,,POSSIBLE_ATTEMPT,LOW,NO_ASR_SIGNAL,VALID_ATTEMPT,MEDIUM,PHONE_EVIDENCE_PRESENT
child_02_studio_mic_ten,child_02,ten,studio_mic,1.1817913832199547,1.0,1.0,0.33848106621535856,0.4,0.23966707536501103,0.04321150896493362,100.0,0.094,,,,,,,,,FINAL_CONSONANT_CLEARLY_PRESENT,,VALID_ATTEMPT,MEDIUM,NO_ASR_SIGNAL,VALID_ATTEMPT,MEDIUM,PHONE_EVIDENCE_PRESENT
child_02_studio_mic_three,child_02,three,studio_mic,1.0926077097505669,1.0,1.0,0.45763972312796747,0.5,0.11187632528142394,0.044851258581235696,39.2,0.003,ASR_WRONG,Free,PROBABLY_INCORRECT,HUMAN_INCORRECT,1.9.9,CLEAR,BOUNDARY_OK,HIGH,,TRUE_PRONUNCIATION_ERROR,FREE_SPEAK,NONE,ASR_WRONG,POSSIBLE_ATTEMPT,LOW,WEAK_TARGET_EVIDENCE;ASR_WRONG_SUPPORTING_ONLY
child_02_studio_mic_two,child_02,two,studio_mic,1.0034013605442176,1.0,1.0,0.5979818113865704,0.6,0.153782356891553,0.09219460536971283,50.0,0.004,ASR_CORRECT,Two,CLEAR_CORRECT,HUMAN_CORRECT,1.9.9,CLEAR,BOUNDARY_OK,HIGH,,AGREEMENT_OK,VALID_ATTEMPT,MEDIUM,ASR_TARGET_MATCH_LOW_CONF,VALID_ATTEMPT,MEDIUM,ASR_TARGET_MATCH_LOW_CONF
child_03_studio_mic_eight,child_03,eight,studio_mic,0.7769614512471655,1.0,1.0,0.6138685544204006,0.47693749999999996,0.12212301686406135,0.06419951729686244,0.0,0.0,ASR_EMPTY,,CLEAR_CORRECT,HUMAN_CORRECT,1.9.10,CLEAR,BOUNDARY_UNCLEAR,LOW,FINAL_CONSONANT_CLEARLY_ABSENT,PHONE_MODEL_ERROR,UNINTELLIGIBLE,NONE,ASR_EMPTY;NO_TARGET_EVIDENCE,POSSIBLE_ATTEMPT,LOW,WEAK_TARGET_EVIDENCE;ASR_EMPTY_SUPPORTING_ONLY
child_03_studio_mic_five,child_03,five,studio_mic,0.8664172335600907,1.0,1.0,0.7691530803635839,0.6663749999999999,0.14530131894917714,0.08469807373205396,100.0,0.08,,,,,,,,,,,VALID_ATTEMPT,MEDIUM,NO_ASR_SIGNAL,VALID_ATTEMPT,MEDIUM,PHONE_EVIDENCE_PRESENT
child_03_studio_mic_four,child_03,four,studio_mic,0.9114285714285715,1.0,1.0,0.6583459059113976,0.6000000000000001,0.13301164527120216,0.06700500651532816,100.0,0.062,,,,,,,,,FINAL_CONSONANT_CLEARLY_ABSENT,,VALID_ATTEMPT,MEDIUM,NO_ASR_SIGNAL,VALID_ATTEMPT,MEDIUM,PHONE_EVIDENCE_PRESENT
child_03_studio_mic_nine,child_03,nine,studio_mic,0.6531065759637188,1.0,1.0,0.6937505981433629,0.4530625,0.19159122302182138,0.07436830015313936,100.0,0.126,,,,,,,,,,,VALID_ATTEMPT,MEDIUM,NO_ASR_SIGNAL,VALID_ATTEMPT,MEDIUM,PHONE_EVIDENCE_PRESENT
child_03_studio_mic_seven,child_03,seven,studio_mic,0.9458730158730159,1.0,1.0,0.634375206502346,0.6000000000000001,0.1369240582799134,0.0838620142743854,63.5,0.021,ASR_EMPTY,,CLEAR_CORRECT,HUMAN_CORRECT,1.9.9,CLEAR,BOUNDARY_OK,HIGH,,AGREEMENT_OK,POSSIBLE_ATTEMPT,LOW,ASR_EMPTY,VALID_ATTEMPT,MEDIUM,PHONE_EVIDENCE_PRESENT;ASR_EMPTY_SUPPORTING_ONLY
child_03_studio_mic_six,child_03,six,studio_mic,0.7539002267573696,1.0,1.0,0.5305919416348864,0.39999999999999997,0.12675161937838547,0.11466710886327834,50.0,0.004,ASR_WRONG,S.,AMBIGUOUS,HUMAN_UNCERTAIN,1.9.11_scorer_miss,CLEAR,BOUNDARY_OK,HIGH,FINAL_CONSONANT_CLEARLY_ABSENT,SCORER_MISS,FREE_SPEAK,NONE,ASR_WRONG,POSSIBLE_ATTEMPT,LOW,WEAK_TARGET_EVIDENCE;ASR_WRONG_SUPPORTING_ONLY
child_03_studio_mic_ten,child_03,ten,studio_mic,0.5742857142857143,1.0,1.0,0.8258598171528081,0.47425000000000006,0.14253688833930275,0.08250789158593665,100.0,0.148,,,,,,,,,,,VALID_ATTEMPT,MEDIUM,NO_ASR_SIGNAL,VALID_ATTEMPT,MEDIUM,PHONE_EVIDENCE_PRESENT
child_03_studio_mic_three,child_03,three,studio_mic,1.023968253968254,1.0,1.0,0.6836354757980834,0.7,0.18724048003554344,0.06830667806128678,39.2,0.005,ASR_EMPTY,,CLEAR_CORRECT,HUMAN_CORRECT,1.9.10,CLEAR,BOUNDARY_OK,HIGH,,PHONE_MODEL_ERROR,POSSIBLE_ATTEMPT,LOW,ASR_EMPTY,VALID_ATTEMPT,MEDIUM,PHONE_EVIDENCE_PRESENT;ASR_EMPTY_SUPPORTING_ONLY
child_03_studio_mic_two,child_03,two,studio_mic,0.8889115646258503,1.0,1.0,0.7875123048797639,0.7000000000000001,0.16529112330876117,0.05372336685183883,50.0,0.004,ASR_EMPTY,,AMBIGUOUS,HUMAN_UNCERTAIN,1.9.11_scorer_miss,CLEAR,BOUNDARY_OK,HIGH,,SCORER_MISS,UNINTELLIGIBLE,NONE,ASR_EMPTY;NO_TARGET_EVIDENCE,POSSIBLE_ATTEMPT,LOW,WEAK_TARGET_EVIDENCE;ASR_EMPTY_SUPPORTING_ONLY
child_04_studio_mic_eight,child_04,eight,studio_mic,2.245578231292517,1.0,1.0,0.13359681594255338,0.30000000000000004,0.06598560861941125,0.0681919394344244,50.0,0.002,ASR_EMPTY,,AMBIGUOUS,HUMAN_UNCERTAIN,1.9.11_scorer_miss,CLEAR,BOUNDARY_OK,HIGH,FINAL_CONSONANT_PROBABLY_PRESENT,SCORER_MISS,UNINTELLIGIBLE,NONE,ASR_EMPTY;NO_TARGET_EVIDENCE,POSSIBLE_ATTEMPT,LOW,WEAK_TARGET_EVIDENCE;ASR_EMPTY_SUPPORTING_ONLY
child_04_studio_mic_five,child_04,five,studio_mic,2.392018140589569,1.0,1.0,0.5434782608695653,1.3,0.12070630746991826,0.12602231454626217,100.0,0.018,ASR_EMPTY,,CLEAR_CORRECT,HUMAN_CORRECT,1.9.9,CLEAR,BOUNDARY_OK,HIGH,,AGREEMENT_OK,POSSIBLE_ATTEMPT,LOW,ASR_EMPTY,VALID_ATTEMPT,MEDIUM,PHONE_EVIDENCE_PRESENT;ASR_EMPTY_SUPPORTING_ONLY
child_04_studio_mic_four,child_04,four,studio_mic,2.2699773242630386,1.0,1.0,0.6167570693025688,1.4,0.13800646549290313,0.07456357728949832,66.7,0.001,,,CLEAR_INCORRECT,HUMAN_INCORRECT,1.9.11_window,,,,FINAL_CONSONANT_PROBABLY_PRESENT,,POSSIBLE_ATTEMPT,LOW,NO_ASR_SIGNAL,POSSIBLE_ATTEMPT,LOW,WEAK_TARGET_EVIDENCE
child_04_studio_mic_nine,child_04,nine,studio_mic,2.318798185941043,1.0,1.0,0.4743935309973045,1.0999999999999999,0.12025644210488515,0.07733362085231407,100.0,0.028,,,,,,,,,,,POSSIBLE_ATTEMPT,LOW,NO_ASR_SIGNAL,VALID_ATTEMPT,MEDIUM,PHONE_EVIDENCE_PRESENT
child_04_studio_mic_seven,child_04,seven,studio_mic,2.0014965986394557,1.0,1.0,0.549604971426787,1.1,0.06647779082296172,0.16501155455624258,60.1,0.016,ASR_EMPTY,,CLEAR_CORRECT,HUMAN_CORRECT,1.9.9,CLEAR,BOUNDARY_OK,HIGH,,AGREEMENT_OK,POSSIBLE_ATTEMPT,LOW,ASR_EMPTY,VALID_ATTEMPT,MEDIUM,PHONE_EVIDENCE_PRESENT;ASR_EMPTY_SUPPORTING_ONLY
child_04_studio_mic_six,child_04,six,studio_mic,2.3920408163265305,2.0,1.0,0.5016722408026757,1.2000000000000002,0.10449721447274654,0.17485824775940007,75.0,0.031,,,,,,,,,,,POSSIBLE_ATTEMPT,LOW,NO_ASR_SIGNAL,VALID_ATTEMPT,MEDIUM,PHONE_EVIDENCE_PRESENT
child_04_studio_mic_ten,child_04,ten,studio_mic,1.7085714285714286,1.0,1.0,0.5267586055529135,0.8999999999999999,0.10742229204403148,0.10381913959613696,75.1,0.013,,,,,,,,,,,POSSIBLE_ATTEMPT,LOW,NO_ASR_SIGNAL,VALID_ATTEMPT,MEDIUM,PHONE_EVIDENCE_PRESENT
child_04_studio_mic_three,child_04,three,studio_mic,2.2699773242630386,1.0,1.0,0.6608111456813238,1.5,0.14259164143420225,0.09645354920425134,11.7,0.0,ASR_EMPTY,,CLEAR_CORRECT,HUMAN_CORRECT,1.9.10,CLEAR,BOUNDARY_OK,HIGH,,PHONE_MODEL_ERROR,UNINTELLIGIBLE,NONE,ASR_EMPTY;NO_TARGET_EVIDENCE,POSSIBLE_ATTEMPT,LOW,WEAK_TARGET_EVIDENCE;ASR_EMPTY_SUPPORTING_ONLY
child_04_studio_mic_two,child_04,two,studio_mic,1.2936507936507937,1.0,1.0,0.3865107739878249,0.5,0.23440886335814093,0.06537179301348021,0.0,0.0,ASR_EMPTY,,CLEAR_INCORRECT,HUMAN_INCORRECT,1.9.9,UNCERTAIN,BOTH_CUT,HIGH,,TRUE_PRONUNCIATION_ERROR,UNINTELLIGIBLE,NONE,ASR_EMPTY;NO_TARGET_EVIDENCE,POSSIBLE_ATTEMPT,LOW,WEAK_TARGET_EVIDENCE;ASR_EMPTY_SUPPORTING_ONLY
child_05_studio_mic_eight,child_05,eight,studio_mic,0.5892743764172336,1.0,1.0,0.6605854900296988,0.38925000000000004,0.12216809278886233,0.07531558290018034,50.0,0.007,,,,,,,,,FINAL_CONSONANT_PROBABLY_PRESENT,,POSSIBLE_ATTEMPT,LOW,NO_ASR_SIGNAL,VALID_ATTEMPT,MEDIUM,PHONE_EVIDENCE_PRESENT
child_05_studio_mic_five,child_05,five,studio_mic,0.5545804988662132,1.0,1.0,0.8196776738419926,0.4545625,0.2053713672706541,0.13424256086564473,66.7,0.041,,,,,,,,,,,POSSIBLE_ATTEMPT,LOW,NO_ASR_SIGNAL,VALID_ATTEMPT,MEDIUM,PHONE_EVIDENCE_PRESENT
child_05_studio_mic_four,child_05,four,studio_mic,0.693265306122449,1.0,1.0,0.711503786512802,0.49325,0.1931299103507355,0.06870435488233703,66.8,0.028,,,,,,,,,FINAL_CONSONANT_CLEARLY_ABSENT,,POSSIBLE_ATTEMPT,LOW,NO_ASR_SIGNAL,VALID_ATTEMPT,MEDIUM,PHONE_EVIDENCE_PRESENT
child_05_studio_mic_nine,child_05,nine,studio_mic,0.7625850340136054,1.0,1.0,0.8688632079337759,0.6625625,0.2047191650380154,0.09327868852459016,100.0,0.134,,,,,,,,,,,VALID_ATTEMPT,MEDIUM,NO_ASR_SIGNAL,VALID_ATTEMPT,MEDIUM,PHONE_EVIDENCE_PRESENT
child_05_studio_mic_one,child_05,one,studio_mic,0.3928344671201814,1.0,1.0,1.0,0.3928125,0.25798981093071605,0.08020369191597708,100.0,0.089,,,,,,,,,,,VALID_ATTEMPT,MEDIUM,NO_ASR_SIGNAL,VALID_ATTEMPT,MEDIUM,PHONE_EVIDENCE_PRESENT
child_05_studio_mic_seven,child_05,seven,studio_mic,0.8319047619047619,1.0,1.0,0.8414725770097672,0.7000000000000001,0.18216601409661917,0.12901044406041026,100.0,0.236,ASR_CORRECT,Seven.,CLEAR_CORRECT,HUMAN_CORRECT,1.9.9,CLEAR,BOUNDARY_OK,HIGH,,AGREEMENT_OK,ASSESSABLE,HIGH,ASR_TARGET_MATCH,ASSESSABLE,HIGH,ASR_TARGET_MATCH;CONF_OK
child_05_studio_mic_ten,child_05,ten,studio_mic,0.6470294784580499,1.0,1.0,0.7727975270479134,0.5,0.16158589852913732,0.09506327891025022,47.7,0.012,,,,,,,,,,,POSSIBLE_ATTEMPT,LOW,NO_ASR_SIGNAL,VALID_ATTEMPT,MEDIUM,PHONE_EVIDENCE_PRESENT
child_05_studio_mic_three,child_05,three,studio_mic,0.6701587301587302,1.0,1.0,0.5523223279238948,0.370125,0.2783436809594815,0.08086932189161458,72.5,0.014,,,CLEAR_CORRECT,HUMAN_CORRECT,1.9.11_window,,,,,,POSSIBLE_ATTEMPT,LOW,NO_ASR_SIGNAL,VALID_ATTEMPT,MEDIUM,PHONE_EVIDENCE_PRESENT
child_06_studio_mic_eight,child_06,eight,studio_mic,0.4520408163265306,1.0,1.0,0.7787610619469025,0.352,0.1897185891866684,0.0695616097358595,50.0,0.012,,,,,,,,,FINAL_CONSONANT_CLEARLY_PRESENT,,POSSIBLE_ATTEMPT,LOW,NO_ASR_SIGNAL,VALID_ATTEMPT,MEDIUM,PHONE_EVIDENCE_PRESENT
child_06_studio_mic_five,child_06,five,studio_mic,0.6849206349206349,1.0,1.0,0.8539879540062055,0.584875,0.11132114456797187,0.09856712603814913,100.0,0.096,ASR_CORRECT,"Five, five",AMBIGUOUS,HUMAN_UNCERTAIN,1.9.9,CLEAR,BOUNDARY_OK,HIGH,,HUMAN_UNCERTAIN,ASSESSABLE,HIGH,ASR_TARGET_MATCH,ASSESSABLE,HIGH,ASR_TARGET_MATCH;CONF_OK
child_06_studio_mic_four,child_06,four,studio_mic,0.6164172335600907,1.0,1.0,0.48671669032650583,0.30000000000000004,0.1447374030189999,0.05141466382719805,100.0,0.129,ASR_WRONG,So?,CLEAR_INCORRECT,HUMAN_INCORRECT,1.9.11_scorer_miss,CLEAR,BOUNDARY_OK,HIGH,FINAL_CONSONANT_CLEARLY_ABSENT,SCORER_MISS,VALID_ATTEMPT,MEDIUM,ASR_WRONG_PHONE_EVIDENCE_OK,VALID_ATTEMPT,MEDIUM,PHONE_EVIDENCE_PRESENT;ASR_WRONG_SUPPORTING_ONLY
child_06_studio_mic_nine,child_06,nine,studio_mic,0.4383446712018141,1.0,1.0,0.6844431769570798,0.30000000000000004,0.2152308678118194,0.04463776383342841,100.0,0.115,,,,,,,,,,,VALID_ATTEMPT,MEDIUM,NO_ASR_SIGNAL,VALID_ATTEMPT,MEDIUM,PHONE_EVIDENCE_PRESENT
child_06_studio_mic_seven,child_06,seven,studio_mic,0.46573696145124716,1.0,1.0,0.7852637229902025,0.36568749999999994,0.2515639969232408,0.07114093959731543,100.0,0.2,ASR_CORRECT,Seven seven,PROBABLY_CORRECT,HUMAN_CORRECT,1.9.9,CLEAR,BOUNDARY_OK,HIGH,,AGREEMENT_OK,ASSESSABLE,HIGH,ASR_TARGET_MATCH,ASSESSABLE,HIGH,ASR_TARGET_MATCH;CONF_OK
child_06_studio_mic_six,child_06,six,studio_mic,0.8218820861678005,1.0,1.0,0.7300380228136883,0.6000000000000001,0.17214249446988106,0.08221157502471671,25.0,0.0,ASR_WRONG,Fitch.,CLEAR_CORRECT,HUMAN_CORRECT,1.9.10,CLEAR,BOUNDARY_OK,HIGH,FINAL_CONSONANT_PROBABLY_PRESENT,PHONE_MODEL_ERROR,FREE_SPEAK,NONE,ASR_WRONG,POSSIBLE_ATTEMPT,LOW,WEAK_TARGET_EVIDENCE;ASR_WRONG_SUPPORTING_ONLY
child_06_studio_mic_ten,child_06,ten,studio_mic,0.5068253968253968,0.0,0.0,0.0,0.0,0.25265142414718866,0.031943759250123334,75.3,0.049,,,,,,,,,,,POSSIBLE_ATTEMPT,LOW,VAD_NO_SEGMENT;VAD_LOW_SPEECH_RATIO;ENERGY_PRESENT_DESPITE_VAD,POSSIBLE_ATTEMPT,LOW,VAD_NO_SEGMENT;VAD_LOW_SPEECH_RATIO;ENERGY_PRESENT_DESPITE_VAD
child_06_studio_mic_three,child_06,three,studio_mic,0.4383446712018141,1.0,1.0,0.6844431769570798,0.30000000000000004,0.19496161645142043,0.07344552196235025,40.0,0.018,,,,,,,,,,,POSSIBLE_ATTEMPT,LOW,NO_ASR_SIGNAL,VALID_ATTEMPT,MEDIUM,PHONE_EVIDENCE_PRESENT
child_06_studio_mic_two,child_06,two,studio_mic,0.5616326530612245,1.0,1.0,0.6438904963276207,0.36162500000000003,0.17116503684977674,0.16327212020033388,0.0,0.0,ASR_EMPTY,,PROBABLY_CORRECT,HUMAN_CORRECT,1.9.10,CLEAR,BOUNDARY_OK,MEDIUM,,PHONE_MODEL_ERROR,UNINTELLIGIBLE,NONE,ASR_EMPTY;NO_TARGET_EVIDENCE,POSSIBLE_ATTEMPT,LOW,WEAK_TARGET_EVIDENCE;ASR_EMPTY_SUPPORTING_ONLY
child_07_studio_mic_eight,child_07,eight,studio_mic,0.6340816326530613,1.0,1.0,0.6308526367668802,0.39999999999999997,0.1910232932719051,0.06930205047318612,0.0,0.0,ASR_WRONG,I,PROBABLY_INCORRECT,HUMAN_INCORRECT,1.9.10,NOISY,BOUNDARY_OK,MEDIUM,FINAL_CONSONANT_CLEARLY_ABSENT,PHONE_MODEL_ERROR,FREE_SPEAK,NONE,ASR_WRONG,POSSIBLE_ATTEMPT,LOW,WEAK_TARGET_EVIDENCE;ASR_WRONG_SUPPORTING_ONLY
child_07_studio_mic_five,child_07,five,studio_mic,0.5049206349206349,1.0,1.0,0.7922753156721962,0.4,0.23126058233901858,0.09818001733316825,100.0,0.107,,,,,,,,,,,VALID_ATTEMPT,MEDIUM,NO_ASR_SIGNAL,VALID_ATTEMPT,MEDIUM,PHONE_EVIDENCE_PRESENT
child_07_studio_mic_four,child_07,four,studio_mic,0.6340816326530613,1.0,1.0,0.6308526367668802,0.39999999999999997,0.19779999120557895,0.06890772870662461,100.0,0.078,ASR_WRONG,Phone,CLEAR_INCORRECT,HUMAN_INCORRECT,1.9.11_window,CLEAR,BOUNDARY_OK,HIGH,,SCORER_MISS,VALID_ATTEMPT,MEDIUM,ASR_WRONG_PHONE_EVIDENCE_OK,VALID_ATTEMPT,MEDIUM,PHONE_EVIDENCE_PRESENT;ASR_WRONG_SUPPORTING_ONLY
child_07_studio_mic_nine,child_07,nine,studio_mic,0.7045351473922903,1.0,1.0,0.8516678495386799,0.6,0.2654380005072145,0.058379913051193326,100.0,0.112,ASR_WRONG,Line,CLEAR_CORRECT,HUMAN_CORRECT,1.9.9,CLEAR,BOUNDARY_OK,HIGH,,AGREEMENT_OK,VALID_ATTEMPT,MEDIUM,ASR_WRONG_PHONE_EVIDENCE_OK,VALID_ATTEMPT,MEDIUM,PHONE_EVIDENCE_PRESENT;ASR_WRONG_SUPPORTING_ONLY
child_07_studio_mic_one,child_07,one,studio_mic,0.8806575963718821,1.0,1.0,0.659332860184528,0.580625,0.17521188269520915,0.03747604514159983,0.0,0.0,ASR_WRONG,Right,CLEAR_CORRECT,HUMAN_CORRECT,1.9.11_window,CLEAR,BOUNDARY_OK,HIGH,FINAL_CONSONANT_CLEARLY_PRESENT,PHONE_MODEL_ERROR,FREE_SPEAK,NONE,ASR_WRONG,POSSIBLE_ATTEMPT,LOW,WEAK_TARGET_EVIDENCE;ASR_WRONG_SUPPORTING_ONLY
child_07_studio_mic_seven,child_07,seven,studio_mic,0.9863492063492063,1.0,1.0,0.7972245104872948,0.7863125,0.1576591964888697,0.12959442332065907,20.0,0.001,ASR_EMPTY,,PROBABLY_INCORRECT,HUMAN_INCORRECT,1.9.9,CLEAR,BOUNDARY_OK,HIGH,FINAL_CONSONANT_PROBABLY_ABSENT,TRUE_PRONUNCIATION_ERROR,UNINTELLIGIBLE,NONE,ASR_EMPTY;NO_TARGET_EVIDENCE,POSSIBLE_ATTEMPT,LOW,WEAK_TARGET_EVIDENCE;ASR_EMPTY_SUPPORTING_ONLY
child_07_studio_mic_six,child_07,six,studio_mic,1.0568027210884354,1.0,1.0,0.71611071682044,0.75675,0.1060515475432271,0.2227479742118649,55.7,0.019,ASR_EMPTY,,CLEAR_CORRECT,HUMAN_CORRECT,1.9.9,CLEAR,BOUNDARY_OK,HIGH,,AGREEMENT_OK,POSSIBLE_ATTEMPT,LOW,ASR_EMPTY,VALID_ATTEMPT,MEDIUM,PHONE_EVIDENCE_PRESENT;ASR_EMPTY_SUPPORTING_ONLY
child_07_studio_mic_ten,child_07,ten,studio_mic,0.5401360544217687,1.0,1.0,0.9257116408238835,0.5,0.20669919639252698,0.08471241754426571,100.0,0.07,ASR_EMPTY,,PROBABLY_CORRECT,HUMAN_CORRECT,1.9.9,CLEAR,BOUNDARY_OK,HIGH,,AGREEMENT_OK,VALID_ATTEMPT,MEDIUM,ASR_EMPTY;PHONE_EVIDENCE_PRESENT,VALID_ATTEMPT,MEDIUM,PHONE_EVIDENCE_PRESENT;ASR_EMPTY_SUPPORTING_ONLY
child_07_studio_mic_three,child_07,three,studio_mic,0.85718820861678,1.0,1.0,0.7666788188115203,0.6571875,0.18068425258599133,0.09530406883476739,5.8,0.0,ASR_WRONG,See?,PROBABLY_INCORRECT,HUMAN_INCORRECT,1.9.9,CLEAR,BOUNDARY_UNCLEAR,MEDIUM,,TRUE_PRONUNCIATION_ERROR,FREE_SPEAK,NONE,ASR_WRONG,POSSIBLE_ATTEMPT,LOW,WEAK_TARGET_EVIDENCE;ASR_WRONG_SUPPORTING_ONLY
child_07_studio_mic_two,child_07,two,studio_mic,0.7984807256235827,1.0,1.0,0.7495107632093932,0.5984375,0.1623867013818258,0.06333176765304525,50.0,0.004,,,,,,,,,,,POSSIBLE_ATTEMPT,LOW,NO_ASR_SIGNAL,POSSIBLE_ATTEMPT,LOW,WEAK_TARGET_EVIDENCE
child_08_studio_mic_eight,child_08,eight,studio_mic,0.7220634920634921,1.0,1.0,0.8309529992209814,0.6,0.2500134918306555,0.03185595567867036,0.0,0.0,ASR_EMPTY,,PROBABLY_INCORRECT,HUMAN_INCORRECT,1.9.10,NOISY,BOUNDARY_OK,MEDIUM,FINAL_CONSONANT_CLEARLY_ABSENT,PHONE_MODEL_ERROR,UNINTELLIGIBLE,NONE,ASR_EMPTY;NO_TARGET_EVIDENCE,POSSIBLE_ATTEMPT,LOW,WEAK_TARGET_EVIDENCE;ASR_EMPTY_SUPPORTING_ONLY
child_08_studio_mic_five,child_08,five,studio_mic,0.771859410430839,1.0,1.0,1.0,0.7718125,0.21255091975132626,0.09961127308066084,39.2,0.008,ASR_EMPTY,,CLEAR_CORRECT,HUMAN_CORRECT,1.9.10,CLEAR,BOUNDARY_OK,HIGH,,PHONE_MODEL_ERROR,POSSIBLE_ATTEMPT,LOW,ASR_EMPTY,VALID_ATTEMPT,MEDIUM,PHONE_EVIDENCE_PRESENT;ASR_EMPTY_SUPPORTING_ONLY
child_08_studio_mic_four,child_08,four,studio_mic,0.6224716553287982,0.0,0.0,0.0,0.0,0.09038284433384737,0.08806989355292227,39.2,0.002,ASR_WRONG,Full,CLEAR_INCORRECT,HUMAN_INCORRECT,1.9.9,CLEAR,BOUNDARY_OK,HIGH,,TRUE_PRONUNCIATION_ERROR,POSSIBLE_ATTEMPT,LOW,VAD_NO_SEGMENT;VAD_LOW_SPEECH_RATIO;ENERGY_PRESENT_DESPITE_VAD,POSSIBLE_ATTEMPT,LOW,VAD_NO_SEGMENT;VAD_LOW_SPEECH_RATIO;ENERGY_PRESENT_DESPITE_VAD
child_08_studio_mic_nine,child_08,nine,studio_mic,1.0208390022675737,1.0,1.0,0.7836894630502664,0.8,0.24358781456947326,0.042799412196914036,100.0,0.077,ASR_EMPTY,,PROBABLY_CORRECT,HUMAN_CORRECT,1.9.9,CLEAR,BOUNDARY_OK,HIGH,,AGREEMENT_OK,VALID_ATTEMPT,MEDIUM,ASR_EMPTY;PHONE_EVIDENCE_PRESENT,VALID_ATTEMPT,MEDIUM,PHONE_EVIDENCE_PRESENT;ASR_EMPTY_SUPPORTING_ONLY
child_08_studio_mic_seven,child_08,seven,studio_mic,0.8465532879818594,1.0,1.0,0.3544004725339634,0.30000000000000004,0.24539120204565001,0.055674518201284794,47.5,0.008,,,CLEAR_CORRECT,HUMAN_CORRECT,1.9.11_window,,,,,,POSSIBLE_ATTEMPT,LOW,NO_ASR_SIGNAL,VALID_ATTEMPT,MEDIUM,PHONE_EVIDENCE_PRESENT
child_08_studio_mic_six,child_08,six,studio_mic,1.070657596371882,1.0,1.0,0.7197898423817862,0.7706249999999999,0.13794267890708786,0.14309066495417128,100.0,0.034,ASR_EMPTY,,CLEAR_CORRECT,HUMAN_CORRECT,1.9.9,CLEAR,BOUNDARY_OK,HIGH,,AGREEMENT_OK,POSSIBLE_ATTEMPT,LOW,ASR_EMPTY,VALID_ATTEMPT,MEDIUM,PHONE_EVIDENCE_PRESENT;ASR_EMPTY_SUPPORTING_ONLY
child_08_studio_mic_ten,child_08,ten,studio_mic,1.045736961451247,1.0,1.0,0.5737851891698046,0.6000000000000001,0.19056210308974864,0.07190675433353258,75.1,0.011,,,,,,,,,,,POSSIBLE_ATTEMPT,LOW,NO_ASR_SIGNAL,VALID_ATTEMPT,MEDIUM,PHONE_EVIDENCE_PRESENT
child_08_studio_mic_three,child_08,three,studio_mic,1.0208390022675737,1.0,1.0,0.4898059144064165,0.5,0.05804056566208601,0.052106294391378885,39.2,0.005,,,,,,,,,,,POSSIBLE_ATTEMPT,LOW,NO_ASR_SIGNAL,VALID_ATTEMPT,MEDIUM,PHONE_EVIDENCE_PRESENT
child_08_studio_mic_two,child_08,two,studio_mic,0.7220634920634921,1.0,1.0,0.6924608326841512,0.49999999999999994,0.22440531200596264,0.036703601108033244,50.0,0.006,,,,,,,,,,,POSSIBLE_ATTEMPT,LOW,NO_ASR_SIGNAL,VALID_ATTEMPT,MEDIUM,PHONE_EVIDENCE_PRESENT
child_09_studio_mic_eight,child_09,eight,studio_mic,0.9026757369614512,1.0,1.0,0.7755158565295666,0.7000000000000001,0.2111338833346963,0.0526971816356208,50.0,0.01,,,,,,,,,,,POSSIBLE_ATTEMPT,LOW,NO_ASR_SIGNAL,VALID_ATTEMPT,MEDIUM,PHONE_EVIDENCE_PRESENT
child_09_studio_mic_five,child_09,five,studio_mic,0.6831065759637188,0.0,0.0,0.0,0.0,0.21766176040876994,0.07869692532942898,33.4,0.004,ASR_EMPTY,,PROBABLY_INCORRECT,HUMAN_INCORRECT,1.9.10,CLEAR,BOUNDARY_OK,HIGH,FINAL_CONSONANT_CLEARLY_ABSENT,PHONE_MODEL_ERROR,POSSIBLE_ATTEMPT,LOW,VAD_NO_SEGMENT;VAD_LOW_SPEECH_RATIO;ENERGY_PRESENT_DESPITE_VAD,POSSIBLE_ATTEMPT,LOW,VAD_NO_SEGMENT;VAD_LOW_SPEECH_RATIO;ENERGY_PRESENT_DESPITE_VAD
child_09_studio_mic_four,child_09,four,studio_mic,0.8782766439909298,1.0,1.0,0.7722744093367493,0.67825,0.21709432882421156,0.05508504732759234,66.8,0.015,ASR_EMPTY,,CLEAR_INCORRECT,HUMAN_INCORRECT,1.9.11_scorer_miss,CLEAR,BOUNDARY_OK,HIGH,,SCORER_MISS,POSSIBLE_ATTEMPT,LOW,ASR_EMPTY,VALID_ATTEMPT,MEDIUM,PHONE_EVIDENCE_PRESENT;ASR_EMPTY_SUPPORTING_ONLY
child_09_studio_mic_nine,child_09,nine,studio_mic,1.049047619047619,1.0,1.0,0.7626310772163967,0.8,0.2415580005914557,0.05857117321098731,100.0,0.103,ASR_EMPTY,,CLEAR_CORRECT,HUMAN_CORRECT,1.9.9,CLEAR,BOUNDARY_OK,HIGH,,AGREEMENT_OK,VALID_ATTEMPT,MEDIUM,ASR_EMPTY;PHONE_EVIDENCE_PRESENT,VALID_ATTEMPT,MEDIUM,PHONE_EVIDENCE_PRESENT;ASR_EMPTY_SUPPORTING_ONLY
child_09_studio_mic_one,child_09,one,studio_mic,0.9758730158730159,1.0,1.0,0.7950425927112023,0.7758125,0.2156355536297748,0.05700743018191135,72.5,0.03,,,,,,,,,,,POSSIBLE_ATTEMPT,LOW,NO_ASR_SIGNAL,VALID_ATTEMPT,MEDIUM,PHONE_EVIDENCE_PRESENT
child_09_studio_mic_seven,child_09,seven,studio_mic,0.9026757369614512,1.0,1.0,0.7755158565295664,0.7,0.274127150547098,0.10497887957897653,84.5,0.08,,,,,,,,,FINAL_CONSONANT_CLEARLY_PRESENT,,VALID_ATTEMPT,MEDIUM,NO_ASR_SIGNAL,VALID_ATTEMPT,MEDIUM,PHONE_EVIDENCE_PRESENT
child_09_studio_mic_six,child_09,six,studio_mic,0.9026757369614512,1.0,1.0,0.3323639385126714,0.3,0.2208617138253017,0.11848209957759158,75.0,0.011,ASR_WRONG,Snake.,CLEAR_CORRECT,HUMAN_CORRECT,1.9.11_window,CLEAR,BOUNDARY_OK,HIGH,,AGREEMENT_OK,FREE_SPEAK,NONE,ASR_WRONG,VALID_ATTEMPT,MEDIUM,PHONE_EVIDENCE_PRESENT;ASR_WRONG_SUPPORTING_ONLY
child_09_studio_mic_ten,child_09,ten,studio_mic,0.8050793650793651,1.0,1.0,0.6210697927179566,0.49999999999999994,0.18902698589059022,0.060403726708074534,75.1,0.031,,,,,,,,,,,POSSIBLE_ATTEMPT,LOW,NO_ASR_SIGNAL,VALID_ATTEMPT,MEDIUM,PHONE_EVIDENCE_PRESENT
IMG_0639,hosting_show,SPEECH_REFERENCE_STRESS,img,,0.0,28.0,0.0,,0.0835,,,,,,HUMAN_CONFIRMED_CORRECT,HUMAN_CORRECT,1.9.6_round2_28/28_SPEECH,,,HIGH,,,POSSIBLE_ATTEMPT,LOW,VAD_NO_SEGMENT;VAD_LOW_SPEECH_RATIO;ENERGY_PRESENT_DESPITE_VAD,POSSIBLE_ATTEMPT,LOW,VAD_NO_SEGMENT;VAD_LOW_SPEECH_RATIO;ENERGY_PRESENT_DESPITE_VAD
